36.833333,3

6.483333,2.616667
-24.75, 25.916667
12.366667,-1.516667
-3.366667,29.316667
3.85,11.583333
14.916667,-23.516667
4.383333,18.616667
12.166667,14.983333
-11.666667,43.266667
-4.233333,15.233333
-4.3,15.3
6.816667,-5.283333
11.55,43.166667
30.05,31.25
3.75,8.8
15.333333,38.966667
9.05,38.7
0.5,9.416667
13.466667,-16.65
5.55,-0.25
9.483333,-13.716667
11.866667,-15.65
-1.283333,36.816667
-29.316667,27.483333
6.3,-10.783333
32.9,13.183333
-18.866667,47.5
-13.966667,33.816667
12.65,-8
18.15,-15.966667
-20.166667,57.5

-25.966667,32.583333
-22.566667,17.1
13.533333,2.083333
9.166667,7.183333
-1.933333,30.066667
14.666667,-17.433333
-4.633333,55.466667
8.5,-13.25
2.033333,45.35
-25.75,28.2
15.6,32.533333
-26.333333,31.133333
-6.85,39.3
6.133333,1.216667
36.8,10.183333
0.316667,35.416667
-15.433333,28.333333
-17.833333,31.5
